98418,50192
98418,51404
97889,51404
97889,52598
97505,52598
97505,53817
97618,53817
97618,55025
97538,55025
97538,56250
97566,56250
97566,57527
97861,57527
97861,58695
97425,58695
97425,59747
96491,59747
96491,60979
96474,60979
96474,62182
96292,62182
96292,63253
95629,63253
95629,64604
95907,64604
95907,65699
95338,65699
95338,66689
94517,66689
94517,67992
94526,67992
94526,68999
93791,68999
93791,70245
93603,70245
93603,71118
92623,71118
92623,72323
92324,72323
92324,73312
91609,73312
91609,74462
91180,74462
91180,75647
90785,75647
90785,76375
89675,76375
89675,77406
89043,77406
89043,78623
88656,78623
88656,79826
88216,79826
88216,80401
86982,80401
86982,81670
86595,81670
86595,82291
85456,82291
85456,83125
84571,83125
84571,84170
83899,84170
83899,85263
83254,85263
83254,85798
82084,85798
82084,86784
81325,86784
81325,87488
80320,87488
80320,88169
79303,88169
79303,88472
78015,88472
78015,89422
77206,89422
77206,89967
76112,89967
76112,91240
75477,91240
75477,91500
74207,91500
74207,91836
73003,91836
73003,92462
71965,92462
71965,92953
70857,92953
70857,93430
69746,93430
69746,94493
68884,94493
68884,94368
67518,94368
67518,94855
66409,94855
66409,95127
65224,95127
65224,95686
64134,95686
64134,96270
63040,96270
63040,96976
61963,96976
61963,97089
60729,97089
60729,97274
59519,97274
59519,97739
58360,97739
58360,97026
57012,97026
57012,98118
55933,98118
55933,97599
54648,97599
54648,97622
53435,97622
53435,97790
52232,97790
52232,97869
51022,97869
51022,97663
49810,97663
49810,98471
48578,98471
48578,97728
47388,97728
47388,97837
46165,97837
46165,97799
44946,97799
44946,97268
43788,97268
43788,96977
42611,96977
42611,97318
41324,97318
41324,96853
40176,96853
40176,96807
38941,96807
38941,96020
37888,96020
37888,95929
36659,95929
36659,95403
35555,95403
35555,95293
34316,95293
34316,95009
33126,95009
33126,94327
32088,94327
32088,93976
30920,93976
30920,93317
29887,93317
29887,93149
28620,93149
28620,92600
27530,92600
27530,91700
26636,91700
26636,91685
25236,91685
25236,90459
24556,90459
24556,90008
23402,90008
23402,89285
22423,89285
22423,88957
21153,88957
21153,88139
20234,88139
20234,86939
19634,86939
19634,86144
18720,86144
18720,85852
17347,85852
17347,84914
16545,84914
16545,83748
15981,83748
15981,83245
14745,83245
14745,82306
13954,82306
13954,81137
13435,81137
13435,80172
12693,80172
12693,79387
11720,79387
11720,78255
11197,78255
11197,77079
10760,77079
10760,76008
10192,76008
10192,75166
9262,75166
9262,74251
8425,74251
8425,73325
7577,73325
7577,72066
7343,72066
7343,70964
6826,70964
6826,70065
5867,70065
5867,68714
5905,68714
5905,67641
5318,67641
5318,66562
4725,66562
4725,65430
4260,65430
4260,64043
4608,64043
4608,62905
4208,62905
4208,61736
3915,61736
3915,60698
3049,60698
3049,59476
2937,59476
2937,58321
2480,58321
2480,57064
2625,57064
2625,55885
2269,55885
2269,54685
2021,54685
2021,53466
1950,53466
1950,52236
2130,52236
2130,51035
1524,51035
1524,50178
94727,50178
94727,48597
2170,48597
2170,47378
2085,47378
2085,46133
1770,46133
1770,44966
2390,44966
2390,43767
2567,43767